#query	NZ_CP040685.1	NZ_CP065413.1	NZ_CP065414.1	NZ_CP065415.1	NZ_CP065416.1	NZ_CP068679.1	NZ_CP064398.1	NZ_CP064402.1	NZ_CP090651.1	NZ_CP090650.1	NZ_CP089239.1	NZ_CP025052.1	NZ_CP081203.1	NZ_CP081204.1	NZ_CP029095.1	NZ_CP029096.1	NZ_CP018048.1	NZ_CP078011.1	NZ_CP078010.1	NZ_CP039991.1	NZ_CP042268.1	NZ_CP077989.1	NZ_CP077990.1	NZ_CP077991.1	NZ_CP077992.1	NZ_CP077993.1	NZ_CP020561.2	NZ_CP086017.1	NZ_CP095773.1	NZ_CP078008.1	NZ_CP039989.1	NZ_CP065418.1	NZ_CP017294.1	NZ_CP064400.1	NZ_CP071948.1	NZ_CP071949.1	NZ_CP077984.1	NZ_CP077983.1	NZ_CP077982.1	NZ_CP039294.1	NZ_CP040126.1	NZ_CP029708.1	NZ_CP027175.1	NZ_CP027176.1	NZ_CP073083.1	NZ_CP093359.1	NZ_CP029091.1	NZ_CP029092.1	NZ_CP029094.1	NZ_CP050056.1	NZ_CP050055.1	NZ_CP050057.1	NZ_CP049162.1	NZ_CP064394.1	NZ_CP086065.1	NZ_CP086011.1	NZ_CP086012.1	NZ_CP086013.1	NZ_CP086014.1	NZ_CP086015.1	NZ_CP081347.1	NZ_CP081348.1	NZ_CP081349.1	NZ_CP077987.1	NZ_CP077986.1	NZ_CP080290.1	NZ_CP083367.1	NZ_CP083368.1	NZ_CP083369.1	NZ_CP089066.2	NZ_CP070472.1	NZ_CP070473.1	NZ_CP078005.1	NZ_CP081288.1	NZ_CP081289.1	NZ_CP052760.1	NZ_CP077998.1	NZ_CP025054.1	NZ_CP064396.1	NZ_CP080012.1	NZ_CP092847.1	NZ_CP078003.1	NZ_CP093029.1	NZ_CP033834.1	NZ_LT969519.1	NZ_LT969521.1	NZ_CP061851.1	NZ_CP077979.1	NZ_CP077980.1	NZ_CP077978.1	NZ_CP045003.1	NZ_CP030914.1	NZ_CP064404.1	NZ_CP073081.1	NZ_CP077996.1	NZ_CP077995.1	NZ_CP027168.1	NZ_CP027170.1	NZ_CP027167.1	NZ_CP015000.1	NZ_CP081478.1	NZ_CP081479.1	NZ_CP027173.1	NZ_CP077972.1	NZ_CP077973.1	NZ_CP077975.1	NZ_CP077976.1	NZ_CP077974.1	NZ_CP020602.1	NZ_CP093017.1	NZ_CP078001.1	NZ_CP078000.1	NZ_CP033772.1	NZ_CP033773.1	NZ_CP095771.1	NZ_CP061377.1	NZ_LS998784.1	NZ_CP024631.1	NZ_CP041355.1	NZ_CP034355.1	NZ_CP016215.1	NZ_CP089237.1	NZ_CP032256.1	NZ_CP095775.1	NZ_CP045917.1	NZ_CP070468.1	NZ_CP070469.1	NZ_CP070470.1	NZ_CP061074.1
NZ_CP040685.1	0	1	0.108236	1	1	1	0.0682552	0.16322	1	1	0.258493	0.159407	0.175137	1	1	1	0.26546	1	0.0715889	0.180587	1	0.372583	0.0927908	1	1	1	1	1	0.0981375	0.0333881	1	0.0682862	0.166453	0.106444	0.243761	0.240698	0.232543	1	0.0927908	0.35328	0.169279	1	0.200342	1	0.172288	1	0.134314	0.133272	0.178964	1	1	1	1	1	0.148114	1	0.339586	1	1	1	0.17663	0.165251	0.0586334	1	0.0927908	0.068535	0.35328	1	0.35328	1	1	1	0.0937239	1	0.328965	0.174048	0.250557	0.159407	0.0682552	0.0682552	1	0.0925035	0.126593	0.306598	0.183134	1	0.0614292	1	1	0.168956	0.276697	1	0.168956	0.172288	0.372583	0.0793181	0.133272	0.178964	0.134314	1	0.405585	1	0.16615	1	0.372583	1	1	0.0929642	1	0.168002	1	0.101551	1	1	1	0.25242	0.0577405	1	0.138572	1	1	1	1	0.0981375	1	1	1	1	1
NZ_CP065413.1	1	0	1	1	1	1	1	1	1	1	1	1	1	1	1	1	1	1	1	1	1	1	1	1	1	1	1	1	0.372583	1	1	1	0.405585	1	1	1	1	1	1	1	1	1	1	1	1	1	1	0.372583	1	1	1	1	1	1	1	1	1	1	1	1	1	1	1	1	1	1	1	1	1	1	1	1	1	1	1	1	1	1	1	1	1	1	1	1	1	1	1	1	1	1	1	1	1	1	1	1	0.372583	1	1	1	1	1	1	1	1	1	1	1	1	1	1	1	1	1	1	1	1	1	1	1	1	1	1	0.372583	1	1	1	1	1
NZ_CP065414.1	0.108236	1	0	1	1	0.16322	0.0898966	0.182269	0.0451943	0.273629	1	0.0349612	0.192791	0.179364	1	0.405585	1	1	0.0986654	0.405585	1	0.0080388	0.104419	1	0.405585	1	0.160465	0.140776	0.152617	0.114684	0.405585	0.0897892	0.405585	0.118834	0.235108	0.232543	0.405585	1	0.104419	0.372583	1	1	0.0447178	1	0.276697	0.135226	0.405585	0.152617	0.405585	1	1	1	0.0332473	0.144203	0.150849	1	1	1	0.276697	1	0.0352724	0.372583	0.0984667	0.405585	0.104419	0.0900581	0.372583	1	1	0.134014	1	1	0.0993347	0.15399	1	1	1	0.0349612	0.0898966	0.0898966	1	0.0989318	1	1	1	1	0.0872943	0.0342365	1	0.185827	0.276697	1	0.185827	0.273629	0.00962528	0.0998096	0.152617	0.405585	0.405585	0.0310344	0.405585	0.179364	1	1	0.00807647	0.405585	1	0.104571	1	1	1	0.0259767	1	1	1	0.273629	1	0.176252	1	1	0.273629	0.0416257	1	0.152617	0.405585	1	1	1	1
NZ_CP065415.1	1	1	1	0	1	1	1	1	1	1	1	1	1	1	1	1	1	1	1	1	1	1	1	1	1	1	1	1	1	1	1	1	1	1	1	1	1	1	1	1	1	1	1	1	1	1	1	1	1	1	1	1	1	1	1	1	1	1	1	1	1	1	1	1	1	1	1	1	1	1	1	1	1	1	1	1	1	1	1	1	1	1	1	1	1	1	1	1	1	1	1	1	1	1	1	1	1	1	1	1	1	1	1	1	1	1	1	1	1	1	1	1	1	1	1	1	1	1	1	1	1	1	1	1	1	1	1	1	1
NZ_CP065416.1	1	1	1	1	0	1	1	1	1	1	1	1	1	1	1	1	1	0.000703299	1	1	1	1	1	1	1	0.000325824	1	1	1	1	1	1	1	1	1	1	1	0.00105058	1	1	1	1	1	1	1	1	1	1	1	1	1	1	1	1	1	1	1	1	1	1	1	1	1	1	1	1	1	1	1	1	1	1	1	1	1	1	1	1	1	1	1	1	1	1	1	1	1	1	0.000703299	1	1	1	1	1	1	1	1	1	1	1	1	1	1	1	1	1	0.000325824	1	1	1	0.00105058	1	1	1	1	1	1	1	1	1	1	1	1	1	1	1	1	1	1
NZ_CP068679.1	1	1	0.16322	1	1	0	0.0534035	1	0.149146	1	1	0.172984	1	0.03454	1	1	1	1	1	0.196705	1	0.164079	0.0368552	1	0.339586	1	0.0280987	0.0292168	0.372583	1	0.200342	0.0539195	1	0.372583	0.17026	0.168636	0.339586	1	0.0368552	1	1	1	0.171944	1	1	0.0428651	0.273629	1	1	1	1	1	0.162655	0.0487949	0.405585	1	1	1	1	1	0.212502	1	1	0.339586	0.0368552	0.053424	1	1	0.372583	0.0419707	1	1	0.0364063	0.0267335	0.405585	0.26803	0.35328	0.172984	0.053424	0.053424	1	0.037623	1	0.0984667	1	1	0.0819654	0.165251	1	1	1	1	1	1	0.165251	0.0383337	1	1	0.273629	0.194988	1	0.03454	1	1	0.16437	0.339586	1	0.0368552	1	1	1	0.0528347	1	1	1	1	1	0.031712	1	1	1	0.185367	1	0.372583	0.181421	1	1	1	0.405585
NZ_CP064398.1	0.0682552	1	0.0898966	1	1	0.0534035	0	0.167067	0.161547	0.276697	1	0.174408	0.177011	0.0439084	1	1	1	1	0.087043	1	1	0.180587	0.0174351	1	1	1	0.0548681	0.0429843	0.102924	0.0835876	1	0.000162735	0.405585	0.10029	0.235108	0.227796	0.405585	1	0.0174351	1	1	1	0.192791	1	0.276697	0.0541071	0.300994	0.146905	1	1	1	1	0.177782	0.00751546	0.145921	1	1	1	0.273629	1	0.213325	1	0.0587049	1	0.0174351	0.000107506	1	1	1	0.0616356	1	1	0.0161582	0.0365028	1	0.291447	0.405585	0.174408	1.19092e-05	4.29151e-05	1	0.015768	0.405585	1	0.405585	1	0.0107017	0.183134	1	0.169931	0.279978	1	0.169931	0.276697	0.181421	0.0132039	0.146905	1	0.300994	0.210114	0.35328	0.043893	1	1	0.180587	1	1	0.0174761	1	1	1	0.0334751	1	1	1	0.276697	0.35328	0.0392331	1	0.405585	0.276697	0.189679	1	0.102924	1	1	1	1	0.291447
NZ_CP064402.1	0.16322	1	0.182269	1	1	1	0.167067	0	1	0.00821646	0.149146	0.172984	0.0238451	1	1	0.0203062	0.405585	1	0.17026	0.011829	1	1	0.149146	1	0.279978	1	1	1	0.196705	0.157362	0.0163586	0.168002	0.250557	0.166759	0.146905	0.145921	0.191209	1	0.149146	0.020889	0.00482238	1	0.250557	1	0.0201676	1	0.247037	0.215885	0.0215974	1	1	1	1	0.26546	0.220489	0.328965	0.215885	1	0.00788515	1	0.245371	0.0231005	0.175878	0.279978	0.149146	0.168318	0.0270338	0.0606906	1	1	1	1	0.162655	1	0.224525	0.239237	0.194429	0.172984	0.167067	0.167067	1	0.162655	0.243761	0.192258	0.0341249	0.372583	0.165549	1	1	0.0201676	0.0183863	1	0.0201544	0.00463338	1	0.162655	0.215885	0.0216114	0.247037	1	0.190693	1	0.208588	1	1	0.279978	1	0.149146	1	0.270747	1	0.175878	1	1	1	0.0159211	1	1	0.25242	1	0.00517735	1	0.405585	0.196705	0.0146574	1	1	1	0.405585
NZ_CP090651.1	1	1	0.0451943	1	1	0.149146	0.161547	1	0	1	1	0.0399695	1	0.164955	1	1	1	1	1	1	1	0.0363221	0.169931	1	1	1	0.153298	0.148114	1	1	1	0.161547	1	1	1	1	0.405585	1	0.169931	1	1	1	0.0491	1	1	0.16322	1	1	1	1	1	1	0.033486	0.158119	1	1	1	1	1	1	0.0367454	1	1	1	0.169931	0.161547	1	1	1	0.154692	1	1	0.168956	0.162937	1	1	1	0.0399695	0.161547	0.161547	1	0.169279	0.405585	1	1	1	0.182269	0.0363943	1	1	1	1	1	1	0.0322911	0.169931	1	1	1	0.0355986	1	0.164955	1	1	0.0364183	1	1	0.169931	1	1	1	0.056197	1	1	1	1	1	0.166759	1	0.405585	1	0.0220126	1	1	1	1	1	1	0.405585
NZ_CP090650.1	1	1	0.273629	1	1	1	0.276697	0.00821646	1	0	0.159146	0.190183	0.0272069	1	1	0.0228791	0.405585	1	0.23782	0.0141604	1	0.405585	0.199716	1	0.279978	1	1	1	0.239237	0.23011	0.0175939	0.276697	0.300994	0.236445	0.128138	0.127488	0.202933	1	0.199716	0.0251928	0.00614898	1	0.270747	1	0.0237385	1	0.236445	1	0.0236777	1	1	1	1	0.276697	1	1	0.227796	1	0.00714918	1	1	0.0235869	1	0.279978	0.199716	0.276697	0.0317222	0.0679467	1	1	1	1	0.235108	1	0.205675	0.235108	0.207109	0.190183	0.276697	0.276697	0.248764	0.235108	0.405585	0.197292	0.0329571	0.405585	0.276697	1	1	0.0238146	0.0155242	1	0.0237689	0.00402049	0.405585	0.235108	1	0.0236853	0.236445	1	0.180176	1	0.239237	1	0.405585	0.279978	1	0.199716	1	0.405585	1	0.279978	1	1	0.372583	0.0142009	1	1	0.35328	1	0.0033057	1	0.405585	0.239237	0.0162916	1	1	1	0.405585
NZ_CP089239.1	0.258493	1	1	1	1	1	1	0.149146	1	0.159146	0	0.123892	0.203604	1	1	0.190693	1	1	0.276697	0.191731	1	1	1	1	1	1	1	1	0.154223	0.149777	0.156129	1	1	1	0.11354	0.111609	1	1	1	0.204284	0.191731	1	1	1	0.200342	1	1	1	0.204284	1	1	1	1	1	1	1	0.126974	1	0.15863	1	1	0.372583	1	1	1	1	0.194429	1	0.146706	1	1	1	1	1	0.10725	1	1	0.123892	1	1	1	1	1	0.111609	0.243761	1	1	1	1	1	0.195553	1	1	0.15399	1	1	1	0.204284	1	1	0.173691	1	0.0535061	1	1	1	1	1	1	1	1	1	1	1	1	0.198488	0.183134	1	0.174408	1	0.153758	1	1	0.154223	0.208588	1	1	1	1
NZ_CP025052.1	0.159407	1	0.0349612	1	1	0.172984	0.174408	0.172984	0.0399695	0.190183	0.123892	0	0.196705	0.188686	1	0.204974	1	1	0.170592	0.191731	1	0.0281257	0.16615	1	0.245371	1	0.173336	0.149566	0.136788	0.11478	0.190693	0.173691	0.248764	0.250557	0.139745	0.138243	0.405585	1	0.16615	0.204974	0.188197	1	0.036721	1	0.193331	0.148938	0.215885	0.26546	0.184014	1	1	1	0.0239292	0.197292	0.312952	1	0.122255	1	0.206387	1	0.0276359	0.254359	0.168318	0.245371	0.16615	0.174408	0.195553	1	0.372583	0.149146	1	1	0.184912	0.168956	0.159669	0.210114	1	0	0.174408	0.174408	1	0.184461	0.211692	0.110368	0.228939	1	0.168956	0.0232268	1	0.263022	0.190693	1	0.263022	0.178567	0.0288359	0.179768	0.26546	0.184014	0.215885	0.0266994	0.178173	0.188686	0.138243	1	0.0281797	0.245371	1	0.16615	1	0.25242	1	0.0478265	1	1	1	0.198488	0.35328	0.197292	0.221466	1	0.185827	0.0427168	1	0.136788	0.192791	1	1	1	1
NZ_CP081203.1	0.175137	1	0.192791	1	1	1	0.177011	0.0238451	1	0.0272069	0.203604	0.196705	0	0.182269	1	0.025225	1	1	0.154223	0.0234212	1	0.405585	0.15307	1	0.23782	1	1	1	0.149356	0.165251	0.0244319	0.177782	0.224525	0.168002	0.181421	0.180176	0.196705	1	0.15307	0.0269133	0.0232342	1	0.232543	1	0.0108182	1	1	0.218593	0.0292918	1	1	1	1	1	0.168956	1	0.235108	0.218593	0.0212854	1	1	0.024315	0.180176	0.23782	0.15307	0.178173	0.0339141	0.0725482	0.183572	1	1	1	0.16322	1	0.18918	0.405585	0.200342	0.196705	0.177011	0.177011	1	0.162655	0.312952	0.168956	0.0309745	0.306598	0.177395	1	1	0.00469616	0.0210932	1	0.00473078	0.0259022	0.405585	0.165848	0.218593	0.0292918	1	1	0.0704228	0.182269	0.14183	1	0.405585	0.23782	1	0.15307	1	0.208588	1	0.181002	1	1	0.328965	0.0218358	0.372583	1	0.405585	0.312952	0.0243695	1	0.312952	0.149356	0.0262266	1	1	1	0.312952
NZ_CP081204.1	1	1	0.179364	1	1	0.03454	0.0439084	1	0.164955	1	1	0.188686	0.182269	0	1	1	1	1	1	1	1	0.177782	0.0307857	1	1	1	0.0256063	0.0170976	0.107168	1	1	0.0440007	0.218593	0.312952	1	1	1	1	0.0307857	1	1	1	0.181843	1	1	0.0322702	1	0.320287	1	1	1	1	0.17663	0.0387215	0.111789	1	1	1	1	1	0.223483	0.203604	1	1	0.0307857	0.0438776	1	1	0.114684	0.0365149	1	1	0.0264788	0.0222766	1	1	1	0.188686	0.0439391	0.0440007	1	0.0279555	0.26803	1	1	0.273629	0.0626591	0.177011	1	1	1	1	1	1	0.180587	0.028753	0.320287	1	1	0.217673	0.151504	0.000124294	1	1	0.177782	1	1	0.0307857	1	0.178964	1	0.0469365	1	1	1	1	0.320287	0.0282789	1	0.26803	1	0.188197	0.270747	0.107168	0.181421	1	1	1	0.25242
NZ_CP029095.1	1	1	1	1	1	1	1	1	1	1	1	1	1	1	0	1	1	1	1	1	1	1	1	1	1	1	1	1	1	1	1	1	1	1	1	1	1	1	1	1	1	1	1	1	1	1	1	1	1	1	1	1	1	1	1	1	1	1	1	1	1	1	1	1	1	1	1	1	1	1	1	1	1	1	1	1	1	1	1	1	1	1	1	1	1	1	1	1	1	1	1	1	1	1	1	1	1	1	1	1	1	1	1	1	1	1	1	1	1	1	1	1	1	1	1	1	1	1	1	1	1	1	1	1	1	1	1	1	1
NZ_CP029096.1	1	1	0.405585	1	1	1	1	0.0203062	1	0.0228791	0.190693	0.204974	0.025225	1	1	0	0.405585	1	0.245371	0.0186751	1	0.405585	1	1	0.405585	1	1	1	0.197292	0.242205	0.0174527	1	0.295981	0.405585	0.165251	0.165251	1	1	1	0.0145385	0.0185026	1	0.214163	1	0.0253704	1	1	0.306598	0.0231301	1	1	1	1	1	0.405585	1	0.247037	1	0.0200232	1	0.405585	0.0264113	1	0.405585	1	1	0.0221978	0.0568018	1	1	1	1	0.405585	1	0.212502	1	1	0.204974	1	1	1	0.405585	1	0.212502	0.0253299	0.260703	1	1	1	0.0220552	0.0240136	1	0.0220339	0.0217374	0.405585	0.405585	0.306598	0.0231301	1	1	0.181843	1	0.184014	1	0.405585	0.405585	1	1	1	0.372583	1	0.405585	1	1	0.208588	0.0233537	1	1	0.312952	1	0.0196661	1	1	0.197292	0.0215208	1	1	1	1
NZ_CP018048.1	0.26546	1	1	1	1	1	1	0.405585	1	0.405585	1	1	1	1	1	0.405585	0	1	1	0.405585	1	1	1	1	1	1	1	1	1	0.263022	0.405585	1	1	1	1	1	1	1	1	1	0.405585	1	1	1	1	1	1	1	1	1	1	1	1	1	1	1	1	1	0.405585	1	1	0.405585	1	1	1	1	1	0.372583	1	1	1	1	1	1	1	1	1	1	1	1	1	1	1	1	1	1	1	1	1	1	0.405585	1	1	0.405585	1	1	1	1	1	1	1	1	1	1	1	1	1	1	1	0.0332365	1	1	1	1	1	1	0.263022	1	1	1	0.405585	1	1	1	0.405585	1	1	1	1
NZ_CP078011.1	1	1	1	1	0.000703299	1	1	1	1	1	1	1	1	1	1	1	1	0	1	1	1	1	1	1	1	0.000703299	1	1	1	1	1	1	1	1	1	1	1	0.000670356	1	1	1	1	1	1	1	1	1	1	1	1	1	1	1	1	1	1	1	1	1	1	1	1	1	1	1	1	1	1	1	1	1	1	1	1	1	1	1	1	1	1	1	1	1	1	1	1	1	1	0.000325824	1	1	1	1	1	1	1	1	1	1	1	1	1	1	1	1	1	0.000703299	1	1	1	0.000670356	1	1	1	1	1	1	1	1	1	1	1	1	1	1	1	1	1	1
NZ_CP078010.1	0.0715889	1	0.0986654	1	1	1	0.087043	0.17026	1	0.23782	0.276697	0.170592	0.154223	1	1	0.245371	1	1	0	0.232543	1	1	0.0881605	1	1	1	1	1	0.135689	0.0764902	0.233808	0.0869429	0.283502	0.113353	0.232543	0.22559	1	1	0.0881605	0.260703	0.254359	1	1	1	0.224525	1	1	0.138904	0.233808	1	1	1	1	1	0.138407	1	0.134314	1	0.224525	1	1	0.26803	0.0718946	1	0.0881605	0.0872943	0.254359	1	0.312952	1	1	1	0.0991328	1	0.26803	1	1	0.170592	0.087043	0.087043	1	0.098072	1	0.164662	0.240698	1	0.0774628	1	1	0.147505	0.240698	1	0.147505	0.233808	1	0.0996734	0.138904	0.233808	1	1	1	1	0.320287	1	1	1	1	0.0883671	1	1	1	0.119909	1	1	1	0.239237	0.107822	1	0.372583	1	0.232543	1	1	0.135689	0.23782	1	1	1	1
NZ_CP039991.1	0.180587	1	0.405585	1	1	0.196705	1	0.011829	1	0.0141604	0.191731	0.191731	0.0234212	1	1	0.0186751	0.405585	1	0.232543	0	1	0.405585	0.192791	1	0.276697	1	1	1	0.223483	0.228939	0.00867753	1	0.197886	0.254359	0.14515	0.144579	0.194988	1	0.192791	0.0185395	0.00956826	1	0.227796	1	0.0212097	1	0.191731	0.258493	0.0173824	1	1	1	1	1	1	0.224525	0.231311	1	0.0140895	1	1	0.0214999	1	0.276697	0.192791	1	0.0249367	0.0593303	1	1	1	1	0.25242	1	0.22559	0.254359	0.199098	0.191731	1	1	1	0.25242	0.188686	0.153528	0.0280898	1	1	1	1	0.0198472	0.0173882	1	0.0198278	0.0121356	0.405585	0.25242	0.258493	0.0173941	0.191731	1	0.187713	1	0.207842	1	0.405585	0.276697	1	0.192791	1	0.204974	1	0.405585	1	1	1	0.0208957	1	1	0.192258	1	0.0110575	1	1	0.223483	0.0101794	1	1	1	1
NZ_CP042268.1	1	1	1	1	1	1	1	1	1	1	1	1	1	1	1	1	1	1	1	1	0	1	1	1	1	1	1	1	1	1	1	1	1	1	1	1	1	1	1	1	1	1	1	1	1	1	1	1	1	1	1	1	1	1	1	1	1	1	1	1	1	1	1	1	1	1	1	1	1	1	1	1	1	1	1	1	1	1	1	1	1	1	1	1	0.35328	1	1	1	1	1	1	1	1	1	1	1	1	1	1	1	1	1	1	1	1	1	1	1	1	1	1	1	1	1	1	1	1	1	1	1	1	1	1	1	1	1	1	1	1
NZ_CP077989.1	0.372583	1	0.0080388	1	1	0.164079	0.180587	1	0.0363221	0.405585	1	0.0281257	0.405585	0.177782	1	0.405585	1	1	1	0.405585	1	0	0.191209	1	0.405585	1	0.162376	0.141125	0.405585	0.35328	0.405585	0.180176	0.405585	0.372583	0.372583	0.372583	0.405585	1	0.191209	0.372583	1	1	0.0355752	1	1	0.135844	0.405585	1	0.405585	1	1	1	0.024471	0.174771	0.405585	1	1	1	1	1	0.0263272	0.372583	1	0.405585	0.191209	0.180587	0.372583	1	1	0.135844	1	1	0.184461	0.153758	1	1	1	0.0281257	0.180587	0.180587	1	0.185827	1	1	1	1	0.194988	0.0265465	1	1	0.405585	1	1	0.405585	0.00282712	0.186292	1	0.405585	0.405585	0.023891	0.405585	0.177782	1	1	6.6807e-05	0.405585	1	0.191209	1	1	1	0.0227838	1	1	1	0.405585	1	0.178567	1	1	0.405585	0.0326168	1	0.405585	0.405585	1	1	1	1
NZ_CP077990.1	0.0927908	1	0.104419	1	1	0.0368552	0.0174351	0.149146	0.169931	0.199716	1	0.16615	0.15307	0.0307857	1	1	1	1	0.0881605	0.192791	1	0.191209	0	1	0.217673	1	0.035505	0.0277686	0.146706	0.0959033	0.194988	0.0176471	0.258493	0.102924	0.210114	0.208588	0.0992	1	1.42921e-05	0.231311	0.198488	1	0.168318	1	1	0.040475	0.300994	0.154223	0.197292	1	1	1	0.185827	0.0227326	0.152617	1	0.175506	1	0.201619	1	0.22559	0.248764	0.0879038	0.217673	0	0.0174996	0.221466	1	0.35328	0.0459225	1	1	0.00623431	0.0264958	0.320287	0.295981	0.117167	0.16615	0.0174468	0.017482	1	0.00559219	0.405585	0.188197	0.247037	1	0.0313357	0.191731	1	0.145534	0.202271	1	0.145341	0.195553	0.191731	0.00689587	0.154223	0.196705	0.300994	0.219531	0.231311	0.0307758	0.320287	1	0.191209	0.217673	1	2.62121e-05	1	1	1	0.0235265	1	1	1	0.200976	0.35328	0.0203725	1	0.405585	0.194429	0.198488	1	0.146706	0.195553	1	1	1	0.291447
NZ_CP077991.1	1	1	1	1	1	1	1	1	1	1	1	1	1	1	1	1	1	1	1	1	1	1	1	0	1	1	1	1	1	1	1	1	1	1	1	1	1	1	1	1	1	1	1	1	1	1	1	1	1	1	1	1	1	1	1	1	1	1	1	1	1	1	1	1	1	1	1	1	1	1	1	1	1	1	1	1	1	1	1	1	1	1	1	1	1	1	1	1	1	1	1	1	1	1	1	1	1	1	1	1	1	1	1	1	1	1	1	1	1	1	1	1	1	1	1	1	1	1	1	1	1	1	1	1	1	1	1	1	1
NZ_CP077992.1	1	1	0.405585	1	1	0.339586	1	0.279978	1	0.279978	1	0.245371	0.23782	1	1	0.405585	1	1	1	0.276697	1	0.405585	0.217673	1	0	1	1	1	0.306598	1	0.248764	1	0.26803	0.164662	0.204974	0.204284	0.191209	1	0.217673	0.279978	0.279978	1	0.233808	1	1	1	1	1	0.276697	1	1	1	1	1	1	1	1	1	0.279978	1	1	0.212502	1	3.09826e-05	0.217673	1	0.270747	1	0.328965	1	1	1	0.154223	1	0.26546	1	0.214163	0.245371	1	1	1	0.152843	1	0.320287	0.291447	1	1	1	1	0.279978	0.283502	1	0.279978	0.276697	0.405585	0.154223	1	0.276697	1	1	0.218593	1	0.242205	1	0.405585	3.09826e-05	1	0.217673	1	1	1	0.291447	1	1	1	0.270747	1	1	1	1	0.276697	1	1	0.306598	0.217673	1	1	1	1
NZ_CP077993.1	1	1	1	1	0.000325824	1	1	1	1	1	1	1	1	1	1	1	1	0.000703299	1	1	1	1	1	1	1	0	1	1	1	1	1	1	1	1	1	1	1	0.00105058	1	1	1	1	1	1	1	1	1	1	1	1	1	1	1	1	1	1	1	1	1	1	1	1	1	1	1	1	1	1	1	1	1	1	1	1	1	1	1	1	1	1	1	1	1	1	1	1	1	1	0.000703299	1	1	1	1	1	1	1	1	1	1	1	1	1	1	1	1	1	0.000325824	1	1	1	0.00105058	1	1	1	1	1	1	1	1	1	1	1	1	1	1	1	1	1	1
NZ_CP020561.2	1	1	0.160465	1	1	0.0280987	0.0548681	1	0.153298	1	1	0.173336	1	0.0256063	1	1	1	1	1	1	1	0.162376	0.035505	1	1	1	0	0.025217	1	1	1	0.0554066	1	1	1	1	1	1	0.035505	1	1	1	0.171602	1	1	0.0359167	1	1	1	1	1	1	0.158887	0.0488843	1	1	1	1	1	1	0.207109	1	1	1	0.035505	0.0548254	1	1	1	0.0358103	1	1	0.0340249	0.0273113	1	1	1	0.173336	0.0548681	0.0548681	1	0.0360472	0.405585	1	1	1	0.0740337	0.16437	1	1	1	1	1	1	0.164079	0.0368552	1	1	1	0.192258	1	0.025541	1	1	0.162376	1	1	0.035505	1	1	1	0.0515692	1	1	1	1	1	0.02237	1	0.405585	1	0.190693	1	1	1	1	1	1	0.306598
NZ_CP086017.1	1	1	0.140776	1	1	0.0292168	0.0429843	1	0.148114	1	1	0.149566	1	0.0170976	1	1	1	1	1	1	1	0.141125	0.0277686	1	1	1	0.025217	0	1	1	1	0.0429843	1	1	1	1	1	1	0.0277597	1	1	1	0.154457	1	1	0.0293012	1	1	1	1	1	1	0.1413	0.0373358	1	1	1	1	1	1	0.206387	1	1	1	0.0277686	0.0429545	1	1	1	0.0333339	1	1	0.0234513	0.0179747	1	1	1	0.149566	0.0429843	0.0429694	1	0.0248096	0.405585	1	1	1	0.0605397	0.143092	1	1	1	1	1	1	0.142187	0.0255003	1	1	1	0.185367	1	0.0170399	1	1	0.141125	1	1	0.0277686	1	1	1	0.0421156	1	1	1	1	1	0.024691	1	0.405585	1	0.180176	1	1	1	1	1	1	0.320287
NZ_CP095773.1	0.0981375	0.372583	0.152617	1	1	0.372583	0.102924	0.196705	1	0.239237	0.154223	0.136788	0.149356	0.107168	1	0.197292	1	1	0.135689	0.223483	1	0.405585	0.146706	1	0.306598	1	1	1	0	0.0969099	0.243761	0.102851	0.188197	0.155887	0.184461	0.182269	0.231311	1	0.146706	0.194988	0.181421	1	0.328965	1	0.206387	1	1	0.0685038	0.23782	1	1	1	1	1	0.0849915	1	0.270747	1	0.242205	1	1	0.175878	0.0795667	0.306598	0.146706	0.103219	0.185827	1	0.0708186	1	1	1	0.143644	1	0.140258	1	0.245371	0.136788	0.102924	0.102924	1	0.14291	0.270747	0.151504	0.192791	0.270747	0.0965927	1	1	0.217673	0.242205	1	0.217673	0.23782	0.405585	0.114587	0.0686601	0.23782	1	1	0.128666	0.10725	0.106444	1	0.405585	0.306598	1	0.146706	1	0.166759	1	0.142009	1	1	1	0.242205	0.279978	1	1	0.26546	0.235108	1	0.26546	2.85972e-05	0.169279	1	1	1	0.270747
NZ_CP078008.1	0.0333881	1	0.114684	1	1	1	0.0835876	0.157362	1	0.23011	0.149777	0.11478	0.165251	1	1	0.242205	0.263022	1	0.0764902	0.228939	1	0.35328	0.0959033	1	1	1	1	1	0.0969099	0	0.208588	0.0836336	0.270747	0.11134	0.178567	0.174771	0.217673	1	0.0959033	0.23782	0.223483	1	1	1	0.23011	1	1	0.142728	0.23011	1	1	1	1	1	0.14043	1	0.339586	1	0.22559	1	1	0.372583	0.0696435	1	0.0959033	0.0838645	0.221466	1	0.312952	1	1	1	0.0981375	1	0.14291	1	0.247037	0.11478	0.0835876	0.0835876	1	0.0969736	1	0.129334	0.247037	1	0.0758424	1	1	0.177395	0.233808	1	0.177395	0.215885	0.35328	0.0974224	0.142728	0.23011	1	1	0.181843	1	0.153298	1	0.35328	1	1	0.0959033	1	0.287309	1	0.113823	1	1	1	0.23011	0.0604394	1	0.372583	1	0.22559	1	1	0.0969099	0.228939	1	1	1	1
NZ_CP039989.1	1	1	0.405585	1	1	0.200342	1	0.0163586	1	0.0175939	0.156129	0.190693	0.0244319	1	1	0.0174527	0.405585	1	0.233808	0.00867753	1	0.405585	0.194988	1	0.248764	1	1	1	0.243761	0.208588	0	1	0.300994	0.258493	0.117065	0.115858	0.198488	1	0.194988	0.0161859	0.0159211	1	0.250557	1	0.0249128	1	1	0.306598	0.0155457	1	1	1	1	1	1	0.233808	0.222464	1	0.0183863	1	1	0.0247621	1	0.248764	0.194988	1	0.0215556	0.0625263	1	1	1	1	0.25242	1	0.242205	1	0.202933	0.190693	1	1	1	0.25242	1	0.16322	0.0269477	1	1	1	1	0.0209365	0.0221907	1	0.0209297	0.0164652	0.405585	0.25242	0.306598	0.0155511	1	1	0.186292	1	0.239237	1	0.405585	0.248764	1	0.194988	1	0.372583	1	0.405585	1	1	1	0.0214305	1	1	1	1	0.0147353	1	1	0.243761	0.0146057	1	1	1	1
NZ_CP065418.1	0.0682862	1	0.0897892	1	1	0.0539195	0.000162735	0.168002	0.161547	0.276697	1	0.173691	0.177782	0.0440007	1	1	1	1	0.0869429	1	1	0.180176	0.0176471	1	1	1	0.0554066	0.0429843	0.102851	0.0836336	1	0	1	0.10029	0.233808	0.227796	1	1	0.0176411	1	1	1	0.192791	1	0.276697	0.0542328	0.300994	0.146706	1	1	1	1	0.177782	0.00770681	0.145921	1	1	1	0.273629	1	0.212502	1	0.0586572	1	0.0176471	0.000213329	1	1	1	0.0618432	1	1	0.0163586	0.0368186	1	0.291447	1	0.173691	0.000174767	0.000186807	1	0.0159705	0.405585	1	1	1	0.0105945	0.183134	1	0.170592	0.279978	1	0.170592	0.276697	0.181002	0.013384	0.146706	1	0.300994	0.210114	0.35328	0.0439853	1	1	0.180587	1	1	0.0176826	1	1	1	0.0336499	1	1	1	0.276697	0.35328	0.0395389	1	0.405585	0.276697	0.189679	1	0.102851	1	1	1	1	0.291447
NZ_CP017294.1	0.166453	0.405585	0.405585	1	1	1	0.405585	0.250557	1	0.300994	1	0.248764	0.224525	0.218593	1	0.295981	1	1	0.283502	0.197886	1	0.405585	0.258493	1	0.26803	1	1	1	0.188197	0.270747	0.300994	1	0	0.177782	0.250557	0.250557	0.254359	1	0.258493	0.240698	0.190693	1	0.228939	1	0.197292	1	0.179768	0.258493	0.196705	1	1	1	1	1	0.189679	1	1	1	0.306598	1	0.247037	0.192258	1	0.26803	0.258493	1	0.236445	1	0.220489	1	1	1	0.247037	1	1	0.220489	0.256381	0.248764	0.405585	0.405585	1	0.245371	0.172635	1	0.177011	0.248764	0.405585	1	1	0.291447	0.26546	1	0.291447	0.193331	0.405585	0.25242	0.258493	0.196705	0.179768	1	0.219531	0.218593	0.248764	1	0.405585	0.26803	1	0.258493	1	0.173336	1	0.328965	1	1	1	0.300994	0.320287	1	0.179364	0.312952	0.300994	1	0.312952	0.188197	0.22668	1	1	1	0.312952
NZ_CP064400.1	0.106444	1	0.118834	1	1	0.372583	0.10029	0.166759	1	0.236445	1	0.250557	0.168002	0.312952	1	0.405585	1	1	0.113353	0.254359	1	0.372583	0.102924	1	0.164662	1	1	1	0.155887	0.11134	0.258493	0.10029	0.177782	0	0.204284	0.203604	0.169279	1	0.102924	0.248764	0.254359	1	0.205675	1	0.276697	1	1	0.159146	0.260703	1	1	1	1	0.200976	0.162655	1	1	1	0.233808	1	0.405585	0.235108	0.10389	0.164662	0.102924	0.100498	0.23782	1	0.312952	1	1	1	0.0865945	1	0.328965	1	0.180176	0.250557	0.10029	0.10029	1	0.0862	1	0.320287	0.25242	1	0.0971654	1	1	0.16437	0.23782	1	0.16437	0.236445	0.372583	0.0892567	0.159146	0.260703	1	1	0.210114	0.312952	0.339586	0.00573814	0.372583	0.164662	1	0.103071	1	1	1	0.118097	1	1	1	0.236445	0.372583	1	1	1	0.233808	1	1	0.155887	0.199716	1	1	1	1
NZ_CP071948.1	0.243761	1	0.235108	1	1	0.17026	0.235108	0.146905	1	0.128138	0.11354	0.139745	0.181421	1	1	0.165251	1	1	0.232543	0.14515	1	0.372583	0.210114	1	0.204974	1	1	1	0.184461	0.178567	0.117065	0.233808	0.250557	0.204284	0	0.0152031	0.242205	1	0.210114	0.199716	0.188686	1	0.201619	1	0.129876	1	0.260703	0.221466	0.16437	1	1	1	1	0.22668	0.35328	1	0.168636	1	0.139916	1	0.312952	0.187713	1	0.204974	0.210114	0.235108	0.190693	1	1	1	1	1	0.201619	1	0.174408	0.287309	0.247037	0.139745	0.235108	0.235108	1	0.201619	0.258493	0.119368	0.213325	1	0.22668	1	1	0.250557	0.158887	1	0.250557	0.12584	0.372583	0.201619	0.221466	0.16437	0.260703	1	0.163504	1	0.168636	1	0.372583	0.204974	1	0.210114	1	0.291447	1	0.223483	1	1	1	0.169604	0.405585	1	0.26546	1	0.125715	1	1	0.184461	0.15399	1	1	1	1
NZ_CP071949.1	0.240698	1	0.232543	1	1	0.168636	0.227796	0.145921	1	0.127488	0.111609	0.138243	0.180176	1	1	0.165251	1	1	0.22559	0.144579	1	0.372583	0.208588	1	0.204284	1	1	1	0.182269	0.174771	0.115858	0.227796	0.250557	0.203604	0.0152031	0	0.240698	1	0.208588	0.197292	0.187713	1	0.199716	1	0.128799	1	0.260703	0.218593	0.163504	1	1	1	1	0.223483	0.35328	1	0.166759	1	0.139576	1	0.312952	0.186761	1	0.204284	0.208588	0.227796	0.189679	1	1	1	1	1	0.200976	1	0.171944	0.287309	0.247037	0.138243	0.227796	0.227796	1	0.200976	0.258493	0.116357	0.213325	1	0.223483	1	1	0.248764	0.15863	1	0.248764	0.125345	0.372583	0.200976	0.218593	0.163504	0.260703	1	0.16322	1	0.166453	1	0.372583	0.204284	1	0.208588	1	0.291447	1	0.223483	1	1	1	0.168956	0.405585	1	0.26546	0.405585	0.125345	1	1	0.182269	0.153528	1	1	1	1
NZ_CP077984.1	0.232543	1	0.405585	1	1	0.339586	0.405585	0.191209	0.405585	0.202933	1	0.405585	0.196705	1	1	1	1	1	1	0.194988	1	0.405585	0.0992	1	0.191209	1	1	1	0.231311	0.217673	0.198488	1	0.254359	0.169279	0.242205	0.240698	0	1	0.0990657	0.22668	0.192258	1	0.188686	1	1	1	1	0.405585	0.201619	1	1	1	0.405585	1	0.405585	1	1	1	0.196705	1	0.372583	0.239237	1	0.191209	0.0992	1	0.218593	1	0.339586	1	1	1	0.157113	1	0.300994	1	0.0904375	0.405585	0.405585	0.405585	1	0.155887	1	0.372583	0.247037	1	0.372583	0.405585	1	0.188197	0.206387	1	0.188197	0.200342	0.405585	0.175506	0.405585	0.201619	1	0.405585	0.224525	1	0.295981	1	0.405585	0.191209	1	0.0992	1	1	1	0.26803	1	1	1	0.203604	1	1	1	1	0.197292	0.405585	1	0.231311	0.199098	1	1	1	1
NZ_CP077983.1	1	1	1	1	0.00105058	1	1	1	1	1	1	1	1	1	1	1	1	0.000670356	1	1	1	1	1	1	1	0.00105058	1	1	1	1	1	1	1	1	1	1	1	0	1	1	1	1	1	1	1	1	1	1	1	1	1	1	1	1	1	1	1	1	1	1	1	1	1	1	1	1	1	1	1	1	1	1	1	1	1	1	1	1	1	1	1	1	1	1	1	1	1	1	0.000670356	1	1	1	1	1	1	1	1	1	1	1	1	1	1	1	1	1	0.00105058	1	1	1	0.000325824	1	1	1	1	1	1	1	1	1	1	1	1	1	1	1	1	1	1
NZ_CP077982.1	0.0927908	1	0.104419	1	1	0.0368552	0.0174351	0.149146	0.169931	0.199716	1	0.16615	0.15307	0.0307857	1	1	1	1	0.0881605	0.192791	1	0.191209	1.42921e-05	1	0.217673	1	0.035505	0.0277597	0.146706	0.0959033	0.194988	0.0176411	0.258493	0.102924	0.210114	0.208588	0.0990657	1	0	0.231311	0.198488	1	0.168318	1	1	0.040475	0.300994	0.154223	0.197292	1	1	1	0.185827	0.0227326	0.152617	1	0.175506	1	0.201619	1	0.22559	0.248764	0.0879038	0.217673	1.42921e-05	0.0174996	0.221466	1	0.35328	0.0459225	1	1	0.00623089	0.0264958	0.320287	0.295981	0.117372	0.16615	0.0174409	0.017482	1	0.00558889	0.405585	0.188197	0.247037	1	0.0313257	0.191731	1	0.145534	0.202271	1	0.145341	0.195553	0.191731	0.00689233	0.154223	0.196705	0.300994	0.219531	0.231311	0.0307659	0.320287	1	0.191209	0.217673	1	4.05279e-05	1	1	1	0.0235341	1	1	1	0.200976	0.35328	0.0203658	1	0.405585	0.194429	0.198488	1	0.146706	0.195553	1	1	1	0.291447
NZ_CP039294.1	0.35328	1	0.372583	1	1	1	1	0.020889	1	0.0251928	0.204284	0.204974	0.0269133	1	1	0.0145385	1	1	0.260703	0.0185395	1	0.372583	0.231311	1	0.279978	1	1	1	0.194988	0.23782	0.0161859	1	0.240698	0.248764	0.199716	0.197292	0.22668	1	0.231311	0	0.0209909	1	0.243761	1	0.027355	1	1	0.306598	0.0170918	1	1	1	1	1	1	1	0.26546	1	0.0244554	1	1	0.030451	1	0.279978	0.231311	1	0.00622747	0.0432994	1	1	1	1	0.245371	1	0.220489	1	0.231311	0.204974	1	1	1	0.245371	1	0.201619	0.0201216	0.258493	1	1	1	0.0236171	0.0263692	1	0.0236171	0.0235341	0.372583	0.250557	0.306598	0.0170918	1	1	0.177395	1	0.188197	1	0.372583	0.279978	1	0.231311	1	0.405585	1	0.328965	1	1	0.161003	0.02416	1	1	1	1	0.0220339	1	1	0.194988	0.023056	1	1	1	1
NZ_CP040126.1	0.169279	1	1	1	1	1	1	0.00482238	1	0.00614898	0.191731	0.188197	0.0232342	1	1	0.0185026	0.405585	1	0.254359	0.00956826	1	1	0.198488	1	0.279978	1	1	1	0.181421	0.223483	0.0159211	1	0.190693	0.254359	0.188686	0.187713	0.192258	1	0.198488	0.0209909	0	1	0.233808	1	0.0190113	1	0.181421	0.26803	0.0196854	1	1	1	1	1	1	1	0.291447	1	0.00537869	1	0.248764	0.0207335	1	0.279978	0.198488	1	0.0272852	0.0618172	1	1	1	1	0.254359	1	0.215885	0.217673	0.197292	0.188197	1	1	1	0.254359	0.17663	0.194988	0.0291141	0.372583	1	1	1	0.0198732	0.0162805	1	0.0198732	0.00485407	1	0.254359	0.26803	0.0196983	0.181421	1	0.181002	1	0.157613	1	1	0.279978	1	0.198488	1	0.198488	1	1	1	1	1	0.0144203	1	1	0.182269	1	0.00305472	1	0.405585	0.181421	0.0132719	1	1	1	0.405585
NZ_CP029708.1	1	1	1	1	1	1	1	1	1	1	1	1	1	1	1	1	1	1	1	1	1	1	1	1	1	1	1	1	1	1	1	1	1	1	1	1	1	1	1	1	1	0	1	1	1	1	1	1	1	1	1	1	1	1	1	1	1	1	1	1	1	1	1	1	1	1	1	1	1	1	1	1	1	1	1	1	1	1	1	1	1	1	1	1	1	1	1	1	1	1	1	1	1	1	1	1	1	1	1	1	1	1	1	1	1	1	1	1	1	1	1	1	1	1	1	1	1	1	1	1	1	1	1	1	1	1	1	1	1
NZ_CP027175.1	0.200342	1	0.0447178	1	1	0.171944	0.192791	0.250557	0.0491	0.270747	1	0.036721	0.232543	0.181843	1	0.214163	1	1	1	0.227796	1	0.0355752	0.168318	1	0.233808	1	0.171602	0.154457	0.328965	1	0.250557	0.192791	0.228939	0.205675	0.201619	0.199716	0.188686	1	0.168318	0.243761	0.233808	1	0	1	0.240698	0.153528	0.232543	0.0906559	0.239237	1	1	1	0.0280539	0.186761	1	1	1	1	0.26546	1	0.0350071	0.150417	1	0.233808	0.168318	0.192791	0.232543	1	0.372583	0.156129	1	1	0.161547	0.169604	0.276697	0.175506	0.202271	0.036721	0.192791	0.192791	1	0.162376	0.180176	0.320287	0.235108	0.187713	0.205675	0.0204722	1	0.248764	0.153758	1	0.248764	0.23782	0.0364424	0.164662	0.0906559	0.239237	0.232543	0.0309546	0.218593	0.181843	0.254359	1	0.0356338	0.233808	1	0.168318	1	0.273629	1	0.0521368	1	1	1	0.25242	1	0.186292	0.194429	1	0.263022	0.0499584	1	0.328965	0.256381	1	1	1	1
NZ_CP027176.1	1	1	1	1	1	1	1	1	1	1	1	1	1	1	1	1	1	1	1	1	1	1	1	1	1	1	1	1	1	1	1	1	1	1	1	1	1	1	1	1	1	1	1	0	1	1	1	1	1	1	1	1	1	1	1	1	1	1	1	1	1	1	1	1	1	1	1	1	1	1	1	1	1	1	1	1	1	1	1	1	1	1	1	1	1	1	1	1	1	1	1	1	1	1	1	1	1	1	1	1	1	1	1	1	1	1	1	1	1	1	1	1	1	0.055115	1	1	1	1	1	1	1	1	1	1	1	1	1	1	1
NZ_CP073083.1	0.172288	1	0.276697	1	1	1	0.276697	0.0201676	1	0.0237385	0.200342	0.193331	0.0108182	1	1	0.0253704	1	1	0.224525	0.0212097	1	1	1	1	1	1	1	1	0.206387	0.23011	0.0249128	0.276697	0.197292	0.276697	0.129876	0.128799	1	1	1	0.027355	0.0190113	1	0.240698	1	0	1	0.185827	0.239237	0.0276535	1	1	1	1	0.276697	1	0.328965	0.247037	1	0.0180288	1	0.248764	0.0202599	1	1	1	0.276697	0.0350185	0.06974	1	1	1	1	0.276697	1	0.224525	0.228939	1	0.193331	0.276697	0.276697	1	0.276697	0.183134	0.213325	0.0299372	1	0.276697	1	1	0.00771791	0.0186195	1	0.00776237	0.0198927	1	0.276697	0.239237	0.0276359	0.185827	1	0.177782	1	0.179364	1	1	1	1	1	1	0.198488	1	0.279978	1	1	1	0.0199188	1	1	0.185827	1	0.0208416	1	1	0.206387	0.0264198	1	1	1	1
NZ_CP093359.1	1	1	0.135226	1	1	0.0428651	0.0541071	1	0.16322	1	1	0.148938	1	0.0322702	1	1	1	1	1	1	1	0.135844	0.040475	1	1	1	0.0359167	0.0293012	1	1	1	0.0542328	1	1	1	1	1	1	0.040475	1	1	1	0.153528	1	1	0	0.405585	1	1	1	1	1	0.14183	0.0483336	1	1	1	1	1	1	0.191731	1	1	1	0.040475	0.0540653	1	1	1	0.0174996	1	1	0.036843	0.0290025	1	0.405585	1	0.148938	0.054128	0.0540653	1	0.0385787	0.405585	1	1	1	0.0697078	0.141476	1	1	1	1	1	1	0.137107	0.039286	1	1	0.405585	0.178964	1	0.0322076	1	1	0.135844	1	1	0.040475	1	1	1	0.0536708	1	1	1	1	1	0.038514	1	0.405585	1	0.215016	1	1	1	1	1	1	0.291447
NZ_CP029091.1	0.134314	1	0.405585	1	1	0.273629	0.300994	0.247037	1	0.236445	1	0.215885	1	1	1	1	1	1	1	0.191731	1	0.405585	0.300994	1	1	1	1	1	1	1	1	0.300994	0.179768	1	0.260703	0.260703	1	1	0.300994	1	0.181421	1	0.232543	1	0.185827	0.405585	0	0.227796	0.191209	1	1	1	0.405585	0.300994	1	1	1	1	0.405585	1	0.192791	0.185827	1	1	0.300994	0.300994	1	1	1	1	1	1	0.306598	1	1	0.0300817	1	0.215885	0.300994	0.300994	0.372583	0.306598	0.139916	1	0.192258	0.245371	0.300994	0.405585	1	1	0.276697	1	1	0.185367	0.405585	0.306598	0.227796	0.191209	2.38113e-06	1	0.0348925	1	0.212502	1	0.405585	1	1	0.300994	1	0.182699	1	0.312952	1	1	0.287309	0.405585	1	0.279978	0.159669	0.250557	0.405585	1	0.196705	1	1	1	1	1	0.197886
NZ_CP029092.1	0.133272	0.372583	0.152617	1	1	1	0.146905	0.215885	1	1	1	0.26546	0.218593	0.320287	1	0.306598	1	1	0.138904	0.258493	1	1	0.154223	1	1	1	1	1	0.0685038	0.142728	0.306598	0.146706	0.258493	0.159146	0.221466	0.218593	0.405585	1	0.154223	0.306598	0.26803	1	0.0906559	1	0.239237	1	0.227796	0	0.212502	1	1	1	1	1	0.151946	1	1	1	1	1	0.260703	0.155405	0.139071	1	0.154223	0.147304	0.295981	1	0.0741782	1	1	1	0.155405	1	0.339586	0.26546	0.405585	0.26546	0.146905	0.146905	1	0.154928	0.232543	0.312952	0.263022	1	0.141476	1	1	0.217673	0.157113	1	0.217673	0.273629	1	0.155887	3.8141e-05	0.212502	0.227796	1	0.256381	0.312952	0.242205	1	1	1	1	0.154223	1	0.270747	1	0.171263	1	1	1	0.306598	1	1	0.250557	1	1	1	1	0.0684727	0.405585	1	1	1	1
NZ_CP029094.1	0.178964	1	0.405585	1	1	1	1	0.0215974	1	0.0236777	0.204284	0.184014	0.0292918	1	1	0.0231301	1	1	0.233808	0.0173824	1	0.405585	0.197292	1	0.276697	1	1	1	0.23782	0.23011	0.0155457	1	0.196705	0.260703	0.16437	0.163504	0.201619	1	0.197292	0.0170918	0.0196854	1	0.239237	1	0.0276535	1	0.191209	0.212502	0	1	1	1	1	1	1	0.372583	0.223483	1	0.0244319	1	0.287309	0.0278307	1	0.276697	0.197292	1	0.0233762	0.0619736	1	1	1	1	0.258493	1	0.239237	0.248764	0.203604	0.184014	1	1	1	0.256381	0.189679	0.196705	0.0267762	0.372583	1	1	1	0.0260182	0.0270597	1	0.025985	0.021963	0.405585	0.258493	0.212502	1.90591e-05	0.191209	1	0.195553	1	0.222464	1	0.405585	0.276697	1	0.197292	1	0.202933	1	0.405585	1	1	1	0.025721	1	1	0.191209	1	0.0206999	1	1	0.23782	0.0187929	1	1	1	1
NZ_CP050056.1	1	1	1	1	1	1	1	1	1	1	1	1	1	1	1	1	1	1	1	1	1	1	1	1	1	1	1	1	1	1	1	1	1	1	1	1	1	1	1	1	1	1	1	1	1	1	1	1	1	0	1	1	1	1	1	1	1	1	1	1	1	1	1	1	1	1	1	1	1	1	1	1	1	1	1	1	1	1	1	1	1	1	1	1	1	1	1	1	1	1	1	1	1	1	1	1	1	1	1	1	1	1	1	1	1	1	1	1	1	1	1	1	1	1	1	1	1	1	1	1	1	1	1	1	1	1	1	1	1
NZ_CP050055.1	1	1	1	1	1	1	1	1	1	1	1	1	1	1	1	1	1	1	1	1	1	1	1	1	1	1	1	1	1	1	1	1	1	1	1	1	1	1	1	1	1	1	1	1	1	1	1	1	1	1	0	1	1	1	1	1	1	1	1	1	1	1	1	1	1	1	1	1	1	1	1	1	1	1	1	1	1	1	1	1	1	1	1	1	1	1	1	1	1	1	1	1	1	1	1	1	1	1	1	1	1	1	1	1	1	1	1	1	1	1	1	1	1	1	1	1	1	1	1	1	1	1	1	1	1	1	1	1	1
NZ_CP050057.1	1	1	1	1	1	1	1	1	1	1	1	1	1	1	1	1	1	1	1	1	1	1	1	1	1	1	1	1	1	1	1	1	1	1	1	1	1	1	1	1	1	1	1	1	1	1	1	1	1	1	1	0	1	1	1	1	1	1	1	1	1	1	1	1	1	1	1	1	1	1	1	1	1	1	1	1	1	1	1	1	1	1	1	1	1	1	1	1	1	1	1	1	1	1	1	1	1	1	1	1	1	1	1	1	1	1	1	1	1	1	1	1	1	1	1	1	1	1	1	1	1	1	1	1	1	1	1	1	1
NZ_CP049162.1	1	1	0.0332473	1	1	0.162655	0.177782	1	0.033486	1	1	0.0239292	1	0.17663	1	1	1	1	1	1	1	0.024471	0.185827	1	1	1	0.158887	0.1413	1	1	1	0.177782	1	1	1	1	0.405585	1	0.185827	1	1	1	0.0280539	1	1	0.14183	0.405585	1	1	1	1	1	0	0.172635	0.405585	1	1	1	1	1	0.0150391	1	1	1	0.185827	0.177782	1	1	1	0.142187	1	1	0.186292	0.151946	1	1	1	0.0239292	0.177782	0.177782	1	0.186761	1	1	1	1	0.192791	0.0147822	1	1	1	1	1	1	0.025217	0.188197	1	1	0.405585	0.0174292	1	0.17663	1	1	0.0245337	1	1	0.185827	1	1	1	0.0460045	1	1	1	1	1	0.177011	1	1	1	0.0359404	1	1	1	1	1	1	1
NZ_CP064394.1	1	1	0.144203	1	1	0.0487949	0.00751546	0.26546	0.158119	0.276697	1	0.197292	1	0.0387215	1	1	1	1	1	1	1	0.174771	0.0227326	1	1	1	0.0488843	0.0373358	1	1	1	0.00770681	1	0.200976	0.22668	0.223483	1	1	0.0227326	1	1	1	0.186761	1	0.276697	0.0483336	0.300994	1	1	1	1	1	0.172635	0	1	1	1	1	0.26803	1	0.207842	1	1	1	0.0227326	0.00753011	1	1	1	0.0554283	1	1	0.0214999	0.0306573	1	0.291447	1	0.197292	0.00753011	0.00757413	1	0.021148	0.405585	1	1	1	0.0246673	0.177782	1	1	0.276697	1	1	0.276697	0.175506	0.0224277	1	1	0.300994	0.204284	0.328965	0.0386955	1	1	0.174771	1	1	0.0227545	1	1	1	0.0428503	1	1	1	0.276697	1	0.0331933	1	0.405585	0.273629	0.186761	1	1	1	1	1	1	0.291447
NZ_CP086065.1	0.148114	1	0.150849	1	1	0.405585	0.145921	0.220489	1	1	1	0.312952	0.168956	0.111789	1	0.405585	1	1	0.138407	1	1	0.405585	0.152617	1	1	1	1	1	0.0849915	0.14043	1	0.145921	0.189679	0.162655	0.35328	0.35328	0.405585	1	0.152617	1	1	1	1	1	1	1	1	0.151946	1	1	1	1	0.405585	1	0	1	1	1	1	1	1	0.204284	0.139239	1	0.152617	0.146312	1	1	0.116357	1	1	1	0.154223	1	1	1	0.405585	0.312952	0.145921	0.145921	1	0.153758	0.270747	1	1	0.273629	0.14095	0.405585	1	0.223483	1	1	0.223483	1	0.405585	0.154457	0.151946	1	1	1	0.153758	0.111699	1	1	0.405585	1	1	0.152617	1	0.16615	1	0.169931	1	1	1	1	0.300994	1	0.35328	0.270747	1	1	0.270747	0.0849915	0.182699	1	1	1	0.270747
NZ_CP086011.1	1	1	1	1	1	1	1	0.328965	1	1	1	1	1	1	1	1	1	1	1	0.224525	1	1	1	1	1	1	1	1	1	1	0.233808	1	1	1	1	1	1	1	1	1	1	1	1	1	0.328965	1	1	1	0.372583	1	1	1	1	1	1	0	1	1	1	1	1	1	1	1	1	1	1	1	1	1	1	1	1	1	1	1	1	1	1	1	1	1	1	1	1	1	1	1	1	1	1	1	1	0.328965	1	1	1	0.372583	1	1	1	1	1	1	1	1	1	1	1	1	1	1	1	1	1	0.328965	1	1	1	1	1	1	1	1	0.232543	1	1	1	1
NZ_CP086012.1	0.339586	1	1	1	1	1	1	0.215885	1	0.227796	0.126974	0.122255	0.235108	1	1	0.247037	1	1	0.134314	0.231311	1	1	0.175506	1	1	1	1	1	0.270747	0.339586	0.222464	1	1	1	0.168636	0.166759	1	1	0.175506	0.26546	0.291447	1	1	1	0.247037	1	1	1	0.223483	1	1	1	1	1	1	1	0	1	0.300994	1	1	1	1	1	0.175506	1	0.256381	1	0.339586	1	1	1	1	1	0.270747	1	1	0.122255	1	1	1	1	1	0.122255	0.372583	1	1	1	1	0.287309	0.228939	1	0.287309	0.222464	1	1	1	0.223483	1	1	0.210114	1	0.270747	1	1	1	1	0.175506	1	1	1	1	1	1	1	0.248764	0.339586	1	1	1	0.220489	1	1	0.270747	0.22559	1	1	1	1
NZ_CP086013.1	1	1	1	1	1	1	1	1	1	1	1	1	0.218593	1	1	1	1	1	1	1	1	1	1	1	1	1	1	1	1	1	1	1	1	1	1	1	1	1	1	1	1	1	1	1	1	1	1	1	1	1	1	1	1	1	1	1	1	0	1	1	1	1	1	1	1	1	1	1	1	1	1	1	1	1	1	1	1	1	1	1	1	1	1	1	1	1	1	1	1	1	1	1	1	1	1	1	1	1	1	1	0.182699	1	1	1	1	1	1	1	1	1	1	1	1	1	1	1	1	1	1	1	1	1	1	1	1	1	1	1	1
NZ_CP086014.1	1	1	0.276697	1	1	1	0.273629	0.00788515	1	0.00714918	0.15863	0.206387	0.0212854	1	1	0.0200232	0.405585	1	0.224525	0.0140895	1	1	0.201619	1	0.279978	1	1	1	0.242205	0.22559	0.0183863	0.273629	0.306598	0.233808	0.139916	0.139576	0.196705	1	0.201619	0.0244554	0.00537869	1	0.26546	1	0.0180288	1	0.405585	1	0.0244319	1	1	1	1	0.26803	1	1	0.300994	1	0	1	1	0.0246043	1	0.279978	0.201619	0.273629	0.0316098	0.066471	1	1	1	1	0.231311	1	0.204284	0.339586	0.199098	0.206387	0.273629	0.273629	1	0.231311	0.405585	0.203604	0.0294706	0.372583	0.26803	1	1	0.0173006	0.0139285	1	0.017289	0.00680395	1	0.231311	1	0.0244241	0.405585	1	0.216771	1	0.242205	1	1	0.279978	1	0.201619	1	0.405585	1	0.276697	1	1	1	0.0136199	1	1	0.372583	1	0.00389981	1	0.405585	0.242205	0.0169249	1	1	1	0.405585
NZ_CP086015.1	1	1	1	1	1	1	1	1	1	1	1	1	1	1	1	1	1	1	1	1	1	1	1	1	1	1	1	1	1	1	1	1	1	1	1	1	1	1	1	1	1	1	1	1	1	1	1	1	1	1	1	1	1	1	1	1	1	1	1	0	1	1	1	1	1	1	1	1	1	1	1	1	1	1	1	1	1	1	1	1	1	1	1	1	1	1	1	1	1	1	1	1	1	1	1	1	1	1	1	1	1	1	1	1	1	1	1	1	1	1	1	1	1	1	1	1	1	1	1	1	1	1	1	1	1	1	1	1	1
NZ_CP081347.1	0.17663	1	0.0352724	1	1	0.212502	0.213325	0.245371	0.0367454	1	1	0.0276359	1	0.223483	1	0.405585	1	1	1	1	1	0.0263272	0.22559	1	1	1	0.207109	0.206387	1	1	1	0.212502	0.247037	0.405585	0.312952	0.312952	0.372583	1	0.22559	1	0.248764	1	0.0350071	1	0.248764	0.191731	0.192791	0.260703	0.287309	1	1	1	0.0150391	0.207842	1	1	1	1	1	1	0	0.248764	1	1	0.22559	0.213325	1	1	1	0.180176	1	1	0.219531	0.184912	1	0.184912	0.405585	0.0276359	0.213325	0.213325	1	0.220489	0.210114	1	0.273629	1	0.26546	0.0231524	1	1	0.35328	1	1	0.250557	0.0275478	0.223483	0.260703	0.287309	0.192791	0.0153524	0.233808	0.223483	0.174771	1	0.0264113	1	1	0.22559	1	0.250557	1	0.0470041	1	1	1	1	1	0.216771	0.216771	1	1	0.0347669	1	1	1	1	1	1	1
NZ_CP081348.1	0.165251	1	0.372583	1	1	1	1	0.0231005	1	0.0235869	0.372583	0.254359	0.024315	0.203604	1	0.0264113	0.405585	1	0.26803	0.0214999	1	0.372583	0.248764	1	0.212502	1	1	1	0.175878	0.372583	0.0247621	1	0.192258	0.235108	0.187713	0.186761	0.239237	1	0.248764	0.030451	0.0207335	1	0.150417	1	0.0202599	1	0.185827	0.155405	0.0278307	1	1	1	1	1	0.204284	1	1	1	0.0246043	1	0.248764	0	1	0.212502	0.248764	1	0.0370023	0.0753169	0.204284	1	1	1	0.233808	1	0.273629	0.232543	0.247037	0.254359	1	1	1	0.232543	0.185827	0.247037	0.0360353	0.372583	1	1	1	0.021382	0.0258692	1	0.0214236	0.021389	0.372583	0.236445	0.155405	0.0278307	0.185827	1	0.17026	0.203604	0.203604	1	0.372583	0.212502	1	0.248764	1	0.181421	1	0.372583	1	1	1	0.0255737	1	1	0.183134	1	0.0227911	1	1	0.175878	0.0265465	1	1	1	1
NZ_CP081349.1	0.0586334	1	0.0984667	1	1	1	0.0587049	0.175878	1	1	1	0.168318	0.180176	1	1	1	1	1	0.0718946	1	1	1	0.0879038	1	1	1	1	1	0.0795667	0.0696435	1	0.0586572	1	0.10389	1	1	1	1	0.0879038	1	1	1	1	1	1	1	1	0.139071	1	1	1	1	1	1	0.139239	1	1	1	1	1	1	1	0	1	0.0879038	0.0588722	1	1	1	1	1	1	0.0883671	1	1	1	1	0.168318	0.0587049	0.0587049	1	0.0871936	1	1	1	1	0.0497188	1	1	0.173336	1	1	0.173336	1	1	0.0734255	0.139071	1	1	1	1	1	1	1	1	1	1	0.0881091	1	1	1	0.100498	1	1	1	1	0.240698	1	1	1	1	1	1	0.0795667	1	1	1	1	1
